@g0 type xy 
@    title "spectral distribution"
@    subtitle "/home/xcite/scintillators/MV_CBCT_exp/Varian_TrueBeam6MV_01."
@    legend on
@    legend box linestyle 0
@    legend x1 0.6
@    legend y1 0.75
@    view xmin 0.250000
@    xaxis  label "energy /MeV"
@    timestamp on
@    yaxis  label "fluence/MeV/incident particle /cm\\S-2\\N MeV\\S-1\\N"
@    s0 on
@    legend string  0 "IQ = 0 NO LATCH CHECK"
@    s0 errorbar length 0.000000
@    s0 symbol color 1
@TYPE xydy
     3.0000E-12     2.5216E-13     0.0000E+00
     3.0000E-12     2.8630E-08     0.0000E+00
     1.5000E-02     2.8630E-08     2.8627E-08
     3.0000E-02     2.8630E-08     0.0000E+00
     3.0000E-02     1.6335E-07     0.0000E+00
     4.5000E-02     1.6335E-07     1.6334E-07
     6.0000E-02     1.6335E-07     0.0000E+00
     6.0000E-02     3.4739E-07     0.0000E+00
     7.5000E-02     3.4739E-07     3.4736E-07
     9.0000E-02     3.4739E-07     0.0000E+00
     9.0000E-02     1.2229E-06     0.0000E+00
     1.0500E-01     1.2229E-06     1.2228E-06
     1.2000E-01     1.2229E-06     0.0000E+00
     1.2000E-01     3.4270E-06     0.0000E+00
     1.3500E-01     3.4270E-06     3.4267E-06
     1.5000E-01     3.4270E-06     0.0000E+00
     1.5000E-01     6.4358E-06     0.0000E+00
     1.6500E-01     6.4358E-06     6.4351E-06
     1.8000E-01     6.4358E-06     0.0000E+00
     1.8000E-01     9.1173E-06     0.0000E+00
     1.9500E-01     9.1173E-06     9.1164E-06
     2.1000E-01     9.1173E-06     0.0000E+00
     2.1000E-01     1.0882E-05     0.0000E+00
     2.2500E-01     1.0882E-05     1.0881E-05
     2.4000E-01     1.0882E-05     0.0000E+00
     2.4000E-01     1.1767E-05     0.0000E+00
     2.5500E-01     1.1767E-05     1.1766E-05
     2.7000E-01     1.1767E-05     0.0000E+00
     2.7000E-01     1.2127E-05     0.0000E+00
     2.8500E-01     1.2127E-05     1.2126E-05
     3.0000E-01     1.2127E-05     0.0000E+00
     3.0000E-01     1.2133E-05     0.0000E+00
     3.1500E-01     1.2133E-05     1.2132E-05
     3.3000E-01     1.2133E-05     0.0000E+00
     3.3000E-01     1.1926E-05     0.0000E+00
     3.4500E-01     1.1926E-05     1.1924E-05
     3.6000E-01     1.1926E-05     0.0000E+00
     3.6000E-01     1.1566E-05     0.0000E+00
     3.7500E-01     1.1566E-05     1.1564E-05
     3.9000E-01     1.1566E-05     0.0000E+00
     3.9000E-01     1.1206E-05     0.0000E+00
     4.0500E-01     1.1206E-05     1.1205E-05
     4.2000E-01     1.1206E-05     0.0000E+00
     4.2000E-01     1.0807E-05     0.0000E+00
     4.3500E-01     1.0807E-05     1.0806E-05
     4.5000E-01     1.0807E-05     0.0000E+00
     4.5000E-01     1.0365E-05     0.0000E+00
     4.6500E-01     1.0365E-05     1.0364E-05
     4.8000E-01     1.0365E-05     0.0000E+00
     4.8000E-01     9.9298E-06     0.0000E+00
     4.9500E-01     9.9298E-06     9.9288E-06
     5.1000E-01     9.9298E-06     0.0000E+00
     5.1000E-01     1.1507E-05     0.0000E+00
     5.2500E-01     1.1507E-05     1.1506E-05
     5.4000E-01     1.1507E-05     0.0000E+00
     5.4000E-01     9.0372E-06     0.0000E+00
     5.5500E-01     9.0372E-06     9.0363E-06
     5.7000E-01     9.0372E-06     0.0000E+00
     5.7000E-01     8.6527E-06     0.0000E+00
     5.8500E-01     8.6527E-06     8.6518E-06
     6.0000E-01     8.6527E-06     0.0000E+00
     6.0000E-01     8.3101E-06     0.0000E+00
     6.1500E-01     8.3101E-06     8.3092E-06
     6.3000E-01     8.3101E-06     0.0000E+00
     6.3000E-01     7.9595E-06     0.0000E+00
     6.4500E-01     7.9595E-06     7.9587E-06
     6.6000E-01     7.9595E-06     0.0000E+00
     6.6000E-01     7.6225E-06     0.0000E+00
     6.7500E-01     7.6225E-06     7.6218E-06
     6.9000E-01     7.6225E-06     0.0000E+00
     6.9000E-01     7.3318E-06     0.0000E+00
     7.0500E-01     7.3318E-06     7.3311E-06
     7.2000E-01     7.3318E-06     0.0000E+00
     7.2000E-01     7.0526E-06     0.0000E+00
     7.3500E-01     7.0526E-06     7.0518E-06
     7.5000E-01     7.0526E-06     0.0000E+00
     7.5000E-01     6.7897E-06     0.0000E+00
     7.6500E-01     6.7897E-06     6.7890E-06
     7.8000E-01     6.7897E-06     0.0000E+00
     7.8000E-01     6.5539E-06     0.0000E+00
     7.9500E-01     6.5539E-06     6.5533E-06
     8.1000E-01     6.5539E-06     0.0000E+00
     8.1000E-01     6.3208E-06     0.0000E+00
     8.2500E-01     6.3208E-06     6.3201E-06
     8.4000E-01     6.3208E-06     0.0000E+00
     8.4000E-01     6.0878E-06     0.0000E+00
     8.5500E-01     6.0878E-06     6.0872E-06
     8.7000E-01     6.0878E-06     0.0000E+00
     8.7000E-01     5.8839E-06     0.0000E+00
     8.8500E-01     5.8839E-06     5.8833E-06
     9.0000E-01     5.8839E-06     0.0000E+00
     9.0000E-01     5.6740E-06     0.0000E+00
     9.1500E-01     5.6740E-06     5.6734E-06
     9.3000E-01     5.6740E-06     0.0000E+00
     9.3000E-01     5.4650E-06     0.0000E+00
     9.4500E-01     5.4650E-06     5.4644E-06
     9.6000E-01     5.4650E-06     0.0000E+00
     9.6000E-01     5.2749E-06     0.0000E+00
     9.7500E-01     5.2749E-06     5.2743E-06
     9.9000E-01     5.2749E-06     0.0000E+00
     9.9000E-01     5.1077E-06     0.0000E+00
     1.0050E+00     5.1077E-06     5.1072E-06
     1.0200E+00     5.1077E-06     0.0000E+00
     1.0200E+00     4.9496E-06     0.0000E+00
     1.0350E+00     4.9496E-06     4.9491E-06
     1.0500E+00     4.9496E-06     0.0000E+00
     1.0500E+00     4.8034E-06     0.0000E+00
     1.0650E+00     4.8034E-06     4.8030E-06
     1.0800E+00     4.8034E-06     0.0000E+00
     1.0800E+00     4.6376E-06     0.0000E+00
     1.0950E+00     4.6376E-06     4.6371E-06
     1.1100E+00     4.6376E-06     0.0000E+00
     1.1100E+00     4.4829E-06     0.0000E+00
     1.1250E+00     4.4829E-06     4.4825E-06
     1.1400E+00     4.4829E-06     0.0000E+00
     1.1400E+00     4.3692E-06     0.0000E+00
     1.1550E+00     4.3692E-06     4.3688E-06
     1.1700E+00     4.3692E-06     0.0000E+00
     1.1700E+00     4.2222E-06     0.0000E+00
     1.1850E+00     4.2222E-06     4.2218E-06
     1.2000E+00     4.2222E-06     0.0000E+00
     1.2000E+00     4.0921E-06     0.0000E+00
     1.2150E+00     4.0921E-06     4.0917E-06
     1.2300E+00     4.0921E-06     0.0000E+00
     1.2300E+00     3.9856E-06     0.0000E+00
     1.2450E+00     3.9856E-06     3.9852E-06
     1.2600E+00     3.9856E-06     0.0000E+00
     1.2600E+00     3.8590E-06     0.0000E+00
     1.2750E+00     3.8590E-06     3.8587E-06
     1.2900E+00     3.8590E-06     0.0000E+00
     1.2900E+00     3.7529E-06     0.0000E+00
     1.3050E+00     3.7529E-06     3.7525E-06
     1.3200E+00     3.7529E-06     0.0000E+00
     1.3200E+00     3.6315E-06     0.0000E+00
     1.3350E+00     3.6315E-06     3.6312E-06
     1.3500E+00     3.6315E-06     0.0000E+00
     1.3500E+00     3.5195E-06     0.0000E+00
     1.3650E+00     3.5195E-06     3.5192E-06
     1.3800E+00     3.5195E-06     0.0000E+00
     1.3800E+00     3.4331E-06     0.0000E+00
     1.3950E+00     3.4331E-06     3.4328E-06
     1.4100E+00     3.4331E-06     0.0000E+00
     1.4100E+00     3.3360E-06     0.0000E+00
     1.4250E+00     3.3360E-06     3.3356E-06
     1.4400E+00     3.3360E-06     0.0000E+00
     1.4400E+00     3.2293E-06     0.0000E+00
     1.4550E+00     3.2293E-06     3.2290E-06
     1.4700E+00     3.2293E-06     0.0000E+00
     1.4700E+00     3.1466E-06     0.0000E+00
     1.4850E+00     3.1466E-06     3.1462E-06
     1.5000E+00     3.1466E-06     0.0000E+00
     1.5000E+00     3.0649E-06     0.0000E+00
     1.5150E+00     3.0649E-06     3.0646E-06
     1.5300E+00     3.0649E-06     0.0000E+00
     1.5300E+00     2.9893E-06     0.0000E+00
     1.5450E+00     2.9893E-06     2.9890E-06
     1.5600E+00     2.9893E-06     0.0000E+00
     1.5600E+00     2.8945E-06     0.0000E+00
     1.5750E+00     2.8945E-06     2.8942E-06
     1.5900E+00     2.8945E-06     0.0000E+00
     1.5900E+00     2.8233E-06     0.0000E+00
     1.6050E+00     2.8233E-06     2.8230E-06
     1.6200E+00     2.8233E-06     0.0000E+00
     1.6200E+00     2.7386E-06     0.0000E+00
     1.6350E+00     2.7386E-06     2.7383E-06
     1.6500E+00     2.7386E-06     0.0000E+00
     1.6500E+00     2.6599E-06     0.0000E+00
     1.6650E+00     2.6599E-06     2.6597E-06
     1.6800E+00     2.6599E-06     0.0000E+00
     1.6800E+00     2.6006E-06     0.0000E+00
     1.6950E+00     2.6006E-06     2.6003E-06
     1.7100E+00     2.6006E-06     0.0000E+00
     1.7100E+00     2.5235E-06     0.0000E+00
     1.7250E+00     2.5235E-06     2.5233E-06
     1.7400E+00     2.5235E-06     0.0000E+00
     1.7400E+00     2.4595E-06     0.0000E+00
     1.7550E+00     2.4595E-06     2.4593E-06
     1.7700E+00     2.4595E-06     0.0000E+00
     1.7700E+00     2.4039E-06     0.0000E+00
     1.7850E+00     2.4039E-06     2.4037E-06
     1.8000E+00     2.4039E-06     0.0000E+00
     1.8000E+00     2.3368E-06     0.0000E+00
     1.8150E+00     2.3368E-06     2.3366E-06
     1.8300E+00     2.3368E-06     0.0000E+00
     1.8300E+00     2.2801E-06     0.0000E+00
     1.8450E+00     2.2801E-06     2.2799E-06
     1.8600E+00     2.2801E-06     0.0000E+00
     1.8600E+00     2.2208E-06     0.0000E+00
     1.8750E+00     2.2208E-06     2.2206E-06
     1.8900E+00     2.2208E-06     0.0000E+00
     1.8900E+00     2.1585E-06     0.0000E+00
     1.9050E+00     2.1585E-06     2.1583E-06
     1.9200E+00     2.1585E-06     0.0000E+00
     1.9200E+00     2.1007E-06     0.0000E+00
     1.9350E+00     2.1007E-06     2.1005E-06
     1.9500E+00     2.1007E-06     0.0000E+00
     1.9500E+00     2.0552E-06     0.0000E+00
     1.9650E+00     2.0552E-06     2.0550E-06
     1.9800E+00     2.0552E-06     0.0000E+00
     1.9800E+00     2.0092E-06     0.0000E+00
     1.9950E+00     2.0092E-06     2.0090E-06
     2.0100E+00     2.0092E-06     0.0000E+00
     2.0100E+00     1.9533E-06     0.0000E+00
     2.0250E+00     1.9533E-06     1.9531E-06
     2.0400E+00     1.9533E-06     0.0000E+00
     2.0400E+00     1.9140E-06     0.0000E+00
     2.0550E+00     1.9140E-06     1.9138E-06
     2.0700E+00     1.9140E-06     0.0000E+00
     2.0700E+00     1.8718E-06     0.0000E+00
     2.0850E+00     1.8718E-06     1.8716E-06
     2.1000E+00     1.8718E-06     0.0000E+00
     2.1000E+00     1.8209E-06     0.0000E+00
     2.1150E+00     1.8209E-06     1.8207E-06
     2.1300E+00     1.8209E-06     0.0000E+00
     2.1300E+00     1.7706E-06     0.0000E+00
     2.1450E+00     1.7706E-06     1.7704E-06
     2.1600E+00     1.7706E-06     0.0000E+00
     2.1600E+00     1.7389E-06     0.0000E+00
     2.1750E+00     1.7389E-06     1.7388E-06
     2.1900E+00     1.7389E-06     0.0000E+00
     2.1900E+00     1.6902E-06     0.0000E+00
     2.2050E+00     1.6902E-06     1.6900E-06
     2.2200E+00     1.6902E-06     0.0000E+00
     2.2200E+00     1.6631E-06     0.0000E+00
     2.2350E+00     1.6631E-06     1.6629E-06
     2.2500E+00     1.6631E-06     0.0000E+00
     2.2500E+00     1.6185E-06     0.0000E+00
     2.2650E+00     1.6185E-06     1.6183E-06
     2.2800E+00     1.6185E-06     0.0000E+00
     2.2800E+00     1.5773E-06     0.0000E+00
     2.2950E+00     1.5773E-06     1.5771E-06
     2.3100E+00     1.5773E-06     0.0000E+00
     2.3100E+00     1.5405E-06     0.0000E+00
     2.3250E+00     1.5405E-06     1.5403E-06
     2.3400E+00     1.5405E-06     0.0000E+00
     2.3400E+00     1.5084E-06     0.0000E+00
     2.3550E+00     1.5084E-06     1.5083E-06
     2.3700E+00     1.5084E-06     0.0000E+00
     2.3700E+00     1.4750E-06     0.0000E+00
     2.3850E+00     1.4750E-06     1.4749E-06
     2.4000E+00     1.4750E-06     0.0000E+00
     2.4000E+00     1.4396E-06     0.0000E+00
     2.4150E+00     1.4396E-06     1.4395E-06
     2.4300E+00     1.4396E-06     0.0000E+00
     2.4300E+00     1.4062E-06     0.0000E+00
     2.4450E+00     1.4062E-06     1.4061E-06
     2.4600E+00     1.4062E-06     0.0000E+00
     2.4600E+00     1.3743E-06     0.0000E+00
     2.4750E+00     1.3743E-06     1.3742E-06
     2.4900E+00     1.3743E-06     0.0000E+00
     2.4900E+00     1.3515E-06     0.0000E+00
     2.5050E+00     1.3515E-06     1.3514E-06
     2.5200E+00     1.3515E-06     0.0000E+00
     2.5200E+00     1.3183E-06     0.0000E+00
     2.5350E+00     1.3183E-06     1.3182E-06
     2.5500E+00     1.3183E-06     0.0000E+00
     2.5500E+00     1.2900E-06     0.0000E+00
     2.5650E+00     1.2900E-06     1.2899E-06
     2.5800E+00     1.2900E-06     0.0000E+00
     2.5800E+00     1.2588E-06     0.0000E+00
     2.5950E+00     1.2588E-06     1.2586E-06
     2.6100E+00     1.2588E-06     0.0000E+00
     2.6100E+00     1.2304E-06     0.0000E+00
     2.6250E+00     1.2304E-06     1.2303E-06
     2.6400E+00     1.2304E-06     0.0000E+00
     2.6400E+00     1.1985E-06     0.0000E+00
     2.6550E+00     1.1985E-06     1.1984E-06
     2.6700E+00     1.1985E-06     0.0000E+00
     2.6700E+00     1.1723E-06     0.0000E+00
     2.6850E+00     1.1723E-06     1.1721E-06
     2.7000E+00     1.1723E-06     0.0000E+00
     2.7000E+00     1.1461E-06     0.0000E+00
     2.7150E+00     1.1461E-06     1.1460E-06
     2.7300E+00     1.1461E-06     0.0000E+00
     2.7300E+00     1.1258E-06     0.0000E+00
     2.7450E+00     1.1258E-06     1.1256E-06
     2.7600E+00     1.1258E-06     0.0000E+00
     2.7600E+00     1.1108E-06     0.0000E+00
     2.7750E+00     1.1108E-06     1.1107E-06
     2.7900E+00     1.1108E-06     0.0000E+00
     2.7900E+00     1.0770E-06     0.0000E+00
     2.8050E+00     1.0770E-06     1.0769E-06
     2.8200E+00     1.0770E-06     0.0000E+00
     2.8200E+00     1.0567E-06     0.0000E+00
     2.8350E+00     1.0567E-06     1.0566E-06
     2.8500E+00     1.0567E-06     0.0000E+00
     2.8500E+00     1.0298E-06     0.0000E+00
     2.8650E+00     1.0298E-06     1.0297E-06
     2.8800E+00     1.0298E-06     0.0000E+00
     2.8800E+00     1.0154E-06     0.0000E+00
     2.8950E+00     1.0154E-06     1.0153E-06
     2.9100E+00     1.0154E-06     0.0000E+00
     2.9100E+00     9.9402E-07     0.0000E+00
     2.9250E+00     9.9402E-07     9.9392E-07
     2.9400E+00     9.9402E-07     0.0000E+00
     2.9400E+00     9.7124E-07     0.0000E+00
     2.9550E+00     9.7124E-07     9.7114E-07
     2.9700E+00     9.7124E-07     0.0000E+00
     2.9700E+00     9.5181E-07     0.0000E+00
     2.9850E+00     9.5181E-07     9.5171E-07
     3.0000E+00     9.5181E-07     0.0000E+00
     3.0000E+00     9.2634E-07     0.0000E+00
     3.0150E+00     9.2634E-07     9.2625E-07
     3.0300E+00     9.2634E-07     0.0000E+00
     3.0300E+00     9.1130E-07     0.0000E+00
     3.0450E+00     9.1130E-07     9.1121E-07
     3.0600E+00     9.1130E-07     0.0000E+00
     3.0600E+00     8.9395E-07     0.0000E+00
     3.0750E+00     8.9395E-07     8.9386E-07
     3.0900E+00     8.9395E-07     0.0000E+00
     3.0900E+00     8.7004E-07     0.0000E+00
     3.1050E+00     8.7004E-07     8.6995E-07
     3.1200E+00     8.7004E-07     0.0000E+00
     3.1200E+00     8.6052E-07     0.0000E+00
     3.1350E+00     8.6052E-07     8.6043E-07
     3.1500E+00     8.6052E-07     0.0000E+00
     3.1500E+00     8.3530E-07     0.0000E+00
     3.1650E+00     8.3530E-07     8.3521E-07
     3.1800E+00     8.3530E-07     0.0000E+00
     3.1800E+00     8.2215E-07     0.0000E+00
     3.1950E+00     8.2215E-07     8.2207E-07
     3.2100E+00     8.2215E-07     0.0000E+00
     3.2100E+00     8.0330E-07     0.0000E+00
     3.2250E+00     8.0330E-07     8.0322E-07
     3.2400E+00     8.0330E-07     0.0000E+00
     3.2400E+00     7.8713E-07     0.0000E+00
     3.2550E+00     7.8713E-07     7.8705E-07
     3.2700E+00     7.8713E-07     0.0000E+00
     3.2700E+00     7.7929E-07     0.0000E+00
     3.2850E+00     7.7929E-07     7.7921E-07
     3.3000E+00     7.7929E-07     0.0000E+00
     3.3000E+00     7.5529E-07     0.0000E+00
     3.3150E+00     7.5529E-07     7.5522E-07
     3.3300E+00     7.5529E-07     0.0000E+00
     3.3300E+00     7.4170E-07     0.0000E+00
     3.3450E+00     7.4170E-07     7.4162E-07
     3.3600E+00     7.4170E-07     0.0000E+00
     3.3600E+00     7.2691E-07     0.0000E+00
     3.3750E+00     7.2691E-07     7.2684E-07
     3.3900E+00     7.2691E-07     0.0000E+00
     3.3900E+00     7.1248E-07     0.0000E+00
     3.4050E+00     7.1248E-07     7.1241E-07
     3.4200E+00     7.1248E-07     0.0000E+00
     3.4200E+00     6.9824E-07     0.0000E+00
     3.4350E+00     6.9824E-07     6.9817E-07
     3.4500E+00     6.9824E-07     0.0000E+00
     3.4500E+00     6.8500E-07     0.0000E+00
     3.4650E+00     6.8500E-07     6.8493E-07
     3.4800E+00     6.8500E-07     0.0000E+00
     3.4800E+00     6.6633E-07     0.0000E+00
     3.4950E+00     6.6633E-07     6.6626E-07
     3.5100E+00     6.6633E-07     0.0000E+00
     3.5100E+00     6.5448E-07     0.0000E+00
     3.5250E+00     6.5448E-07     6.5442E-07
     3.5400E+00     6.5448E-07     0.0000E+00
     3.5400E+00     6.3651E-07     0.0000E+00
     3.5550E+00     6.3651E-07     6.3645E-07
     3.5700E+00     6.3651E-07     0.0000E+00
     3.5700E+00     6.2920E-07     0.0000E+00
     3.5850E+00     6.2920E-07     6.2914E-07
     3.6000E+00     6.2920E-07     0.0000E+00
     3.6000E+00     6.1482E-07     0.0000E+00
     3.6150E+00     6.1482E-07     6.1476E-07
     3.6300E+00     6.1482E-07     0.0000E+00
     3.6300E+00     6.0120E-07     0.0000E+00
     3.6450E+00     6.0120E-07     6.0114E-07
     3.6600E+00     6.0120E-07     0.0000E+00
     3.6600E+00     5.8423E-07     0.0000E+00
     3.6750E+00     5.8423E-07     5.8418E-07
     3.6900E+00     5.8423E-07     0.0000E+00
     3.6900E+00     5.6733E-07     0.0000E+00
     3.7050E+00     5.6733E-07     5.6728E-07
     3.7200E+00     5.6733E-07     0.0000E+00
     3.7200E+00     5.6126E-07     0.0000E+00
     3.7350E+00     5.6126E-07     5.6121E-07
     3.7500E+00     5.6126E-07     0.0000E+00
     3.7500E+00     5.4846E-07     0.0000E+00
     3.7650E+00     5.4846E-07     5.4840E-07
     3.7800E+00     5.4846E-07     0.0000E+00
     3.7800E+00     5.3544E-07     0.0000E+00
     3.7950E+00     5.3544E-07     5.3538E-07
     3.8100E+00     5.3544E-07     0.0000E+00
     3.8100E+00     5.2432E-07     0.0000E+00
     3.8250E+00     5.2432E-07     5.2427E-07
     3.8400E+00     5.2432E-07     0.0000E+00
     3.8400E+00     5.1361E-07     0.0000E+00
     3.8550E+00     5.1361E-07     5.1356E-07
     3.8700E+00     5.1361E-07     0.0000E+00
     3.8700E+00     5.0917E-07     0.0000E+00
     3.8850E+00     5.0917E-07     5.0912E-07
     3.9000E+00     5.0917E-07     0.0000E+00
     3.9000E+00     4.9775E-07     0.0000E+00
     3.9150E+00     4.9775E-07     4.9770E-07
     3.9300E+00     4.9775E-07     0.0000E+00
     3.9300E+00     4.8308E-07     0.0000E+00
     3.9450E+00     4.8308E-07     4.8303E-07
     3.9600E+00     4.8308E-07     0.0000E+00
     3.9600E+00     4.7335E-07     0.0000E+00
     3.9750E+00     4.7335E-07     4.7330E-07
     3.9900E+00     4.7335E-07     0.0000E+00
     3.9900E+00     4.6382E-07     0.0000E+00
     4.0050E+00     4.6382E-07     4.6378E-07
     4.0200E+00     4.6382E-07     0.0000E+00
     4.0200E+00     4.5342E-07     0.0000E+00
     4.0350E+00     4.5342E-07     4.5337E-07
     4.0500E+00     4.5342E-07     0.0000E+00
     4.0500E+00     4.4221E-07     0.0000E+00
     4.0650E+00     4.4221E-07     4.4216E-07
     4.0800E+00     4.4221E-07     0.0000E+00
     4.0800E+00     4.3321E-07     0.0000E+00
     4.0950E+00     4.3321E-07     4.3317E-07
     4.1100E+00     4.3321E-07     0.0000E+00
     4.1100E+00     4.2338E-07     0.0000E+00
     4.1250E+00     4.2338E-07     4.2334E-07
     4.1400E+00     4.2338E-07     0.0000E+00
     4.1400E+00     4.1136E-07     0.0000E+00
     4.1550E+00     4.1136E-07     4.1132E-07
     4.1700E+00     4.1136E-07     0.0000E+00
     4.1700E+00     4.0343E-07     0.0000E+00
     4.1850E+00     4.0343E-07     4.0339E-07
     4.2000E+00     4.0343E-07     0.0000E+00
     4.2000E+00     3.9732E-07     0.0000E+00
     4.2150E+00     3.9732E-07     3.9728E-07
     4.2300E+00     3.9732E-07     0.0000E+00
     4.2300E+00     3.8353E-07     0.0000E+00
     4.2450E+00     3.8353E-07     3.8349E-07
     4.2600E+00     3.8353E-07     0.0000E+00
     4.2600E+00     3.7785E-07     0.0000E+00
     4.2750E+00     3.7785E-07     3.7781E-07
     4.2900E+00     3.7785E-07     0.0000E+00
     4.2900E+00     3.7089E-07     0.0000E+00
     4.3050E+00     3.7089E-07     3.7085E-07
     4.3200E+00     3.7089E-07     0.0000E+00
     4.3200E+00     3.6112E-07     0.0000E+00
     4.3350E+00     3.6112E-07     3.6108E-07
     4.3500E+00     3.6112E-07     0.0000E+00
     4.3500E+00     3.5026E-07     0.0000E+00
     4.3650E+00     3.5026E-07     3.5022E-07
     4.3800E+00     3.5026E-07     0.0000E+00
     4.3800E+00     3.3941E-07     0.0000E+00
     4.3950E+00     3.3941E-07     3.3938E-07
     4.4100E+00     3.3941E-07     0.0000E+00
     4.4100E+00     3.3529E-07     0.0000E+00
     4.4250E+00     3.3529E-07     3.3526E-07
     4.4400E+00     3.3529E-07     0.0000E+00
     4.4400E+00     3.2492E-07     0.0000E+00
     4.4550E+00     3.2492E-07     3.2488E-07
     4.4700E+00     3.2492E-07     0.0000E+00
     4.4700E+00     3.1723E-07     0.0000E+00
     4.4850E+00     3.1723E-07     3.1720E-07
     4.5000E+00     3.1723E-07     0.0000E+00
     4.5000E+00     3.1164E-07     0.0000E+00
     4.5150E+00     3.1164E-07     3.1161E-07
     4.5300E+00     3.1164E-07     0.0000E+00
     4.5300E+00     3.0142E-07     0.0000E+00
     4.5450E+00     3.0142E-07     3.0139E-07
     4.5600E+00     3.0142E-07     0.0000E+00
     4.5600E+00     2.9398E-07     0.0000E+00
     4.5750E+00     2.9398E-07     2.9395E-07
     4.5900E+00     2.9398E-07     0.0000E+00
     4.5900E+00     2.8518E-07     0.0000E+00
     4.6050E+00     2.8518E-07     2.8515E-07
     4.6200E+00     2.8518E-07     0.0000E+00
     4.6200E+00     2.7795E-07     0.0000E+00
     4.6350E+00     2.7795E-07     2.7793E-07
     4.6500E+00     2.7795E-07     0.0000E+00
     4.6500E+00     2.7286E-07     0.0000E+00
     4.6650E+00     2.7286E-07     2.7283E-07
     4.6800E+00     2.7286E-07     0.0000E+00
     4.6800E+00     2.6191E-07     0.0000E+00
     4.6950E+00     2.6191E-07     2.6189E-07
     4.7100E+00     2.6191E-07     0.0000E+00
     4.7100E+00     2.5418E-07     0.0000E+00
     4.7250E+00     2.5418E-07     2.5415E-07
     4.7400E+00     2.5418E-07     0.0000E+00
     4.7400E+00     2.4997E-07     0.0000E+00
     4.7550E+00     2.4997E-07     2.4994E-07
     4.7700E+00     2.4997E-07     0.0000E+00
     4.7700E+00     2.4136E-07     0.0000E+00
     4.7850E+00     2.4136E-07     2.4134E-07
     4.8000E+00     2.4136E-07     0.0000E+00
     4.8000E+00     2.3121E-07     0.0000E+00
     4.8150E+00     2.3121E-07     2.3118E-07
     4.8300E+00     2.3121E-07     0.0000E+00
     4.8300E+00     2.2839E-07     0.0000E+00
     4.8450E+00     2.2839E-07     2.2836E-07
     4.8600E+00     2.2839E-07     0.0000E+00
     4.8600E+00     2.1889E-07     0.0000E+00
     4.8750E+00     2.1889E-07     2.1887E-07
     4.8900E+00     2.1889E-07     0.0000E+00
     4.8900E+00     2.1392E-07     0.0000E+00
     4.9050E+00     2.1392E-07     2.1390E-07
     4.9200E+00     2.1392E-07     0.0000E+00
     4.9200E+00     2.0764E-07     0.0000E+00
     4.9350E+00     2.0764E-07     2.0762E-07
     4.9500E+00     2.0764E-07     0.0000E+00
     4.9500E+00     2.0034E-07     0.0000E+00
     4.9650E+00     2.0034E-07     2.0032E-07
     4.9800E+00     2.0034E-07     0.0000E+00
     4.9800E+00     1.9423E-07     0.0000E+00
     4.9950E+00     1.9423E-07     1.9421E-07
     5.0100E+00     1.9423E-07     0.0000E+00
     5.0100E+00     1.8862E-07     0.0000E+00
     5.0250E+00     1.8862E-07     1.8860E-07
     5.0400E+00     1.8862E-07     0.0000E+00
     5.0400E+00     1.8128E-07     0.0000E+00
     5.0550E+00     1.8128E-07     1.8127E-07
     5.0700E+00     1.8128E-07     0.0000E+00
     5.0700E+00     1.7414E-07     0.0000E+00
     5.0850E+00     1.7414E-07     1.7412E-07
     5.1000E+00     1.7414E-07     0.0000E+00
     5.1000E+00     1.6904E-07     0.0000E+00
     5.1150E+00     1.6904E-07     1.6902E-07
     5.1300E+00     1.6904E-07     0.0000E+00
     5.1300E+00     1.6516E-07     0.0000E+00
     5.1450E+00     1.6516E-07     1.6514E-07
     5.1600E+00     1.6516E-07     0.0000E+00
     5.1600E+00     1.6123E-07     0.0000E+00
     5.1750E+00     1.6123E-07     1.6121E-07
     5.1900E+00     1.6123E-07     0.0000E+00
     5.1900E+00     1.5299E-07     0.0000E+00
     5.2050E+00     1.5299E-07     1.5298E-07
     5.2200E+00     1.5299E-07     0.0000E+00
     5.2200E+00     1.4832E-07     0.0000E+00
     5.2350E+00     1.4832E-07     1.4831E-07
     5.2500E+00     1.4832E-07     0.0000E+00
     5.2500E+00     1.4173E-07     0.0000E+00
     5.2650E+00     1.4173E-07     1.4171E-07
     5.2800E+00     1.4173E-07     0.0000E+00
     5.2800E+00     1.3663E-07     0.0000E+00
     5.2950E+00     1.3663E-07     1.3662E-07
     5.3100E+00     1.3663E-07     0.0000E+00
     5.3100E+00     1.3164E-07     0.0000E+00
     5.3250E+00     1.3164E-07     1.3163E-07
     5.3400E+00     1.3164E-07     0.0000E+00
     5.3400E+00     1.2969E-07     0.0000E+00
     5.3550E+00     1.2969E-07     1.2967E-07
     5.3700E+00     1.2969E-07     0.0000E+00
     5.3700E+00     1.2157E-07     0.0000E+00
     5.3850E+00     1.2157E-07     1.2155E-07
     5.4000E+00     1.2157E-07     0.0000E+00
     5.4000E+00     1.1834E-07     0.0000E+00
     5.4150E+00     1.1834E-07     1.1833E-07
     5.4300E+00     1.1834E-07     0.0000E+00
     5.4300E+00     1.1156E-07     0.0000E+00
     5.4450E+00     1.1156E-07     1.1155E-07
     5.4600E+00     1.1156E-07     0.0000E+00
     5.4600E+00     1.0405E-07     0.0000E+00
     5.4750E+00     1.0405E-07     1.0404E-07
     5.4900E+00     1.0405E-07     0.0000E+00
     5.4900E+00     1.0333E-07     0.0000E+00
     5.5050E+00     1.0333E-07     1.0332E-07
     5.5200E+00     1.0333E-07     0.0000E+00
     5.5200E+00     9.6580E-08     0.0000E+00
     5.5350E+00     9.6580E-08     9.6570E-08
     5.5500E+00     9.6580E-08     0.0000E+00
     5.5500E+00     9.0567E-08     0.0000E+00
     5.5650E+00     9.0567E-08     9.0558E-08
     5.5800E+00     9.0567E-08     0.0000E+00
     5.5800E+00     8.7482E-08     0.0000E+00
     5.5950E+00     8.7482E-08     8.7473E-08
     5.6100E+00     8.7482E-08     0.0000E+00
     5.6100E+00     8.2243E-08     0.0000E+00
     5.6250E+00     8.2243E-08     8.2235E-08
     5.6400E+00     8.2243E-08     0.0000E+00
     5.6400E+00     7.7328E-08     0.0000E+00
     5.6550E+00     7.7328E-08     7.7321E-08
     5.6700E+00     7.7328E-08     0.0000E+00
     5.6700E+00     7.3387E-08     0.0000E+00
     5.6850E+00     7.3387E-08     7.3380E-08
     5.7000E+00     7.3387E-08     0.0000E+00
     5.7000E+00     6.7566E-08     0.0000E+00
     5.7150E+00     6.7566E-08     6.7559E-08
     5.7300E+00     6.7566E-08     0.0000E+00
     5.7300E+00     6.4044E-08     0.0000E+00
     5.7450E+00     6.4044E-08     6.4037E-08
     5.7600E+00     6.4044E-08     0.0000E+00
     5.7600E+00     5.7510E-08     0.0000E+00
     5.7750E+00     5.7510E-08     5.7504E-08
     5.7900E+00     5.7510E-08     0.0000E+00
     5.7900E+00     5.3611E-08     0.0000E+00
     5.8050E+00     5.3611E-08     5.3606E-08
     5.8200E+00     5.3611E-08     0.0000E+00
     5.8200E+00     4.7257E-08     0.0000E+00
     5.8350E+00     4.7257E-08     4.7252E-08
     5.8500E+00     4.7257E-08     0.0000E+00
     5.8500E+00     4.3466E-08     0.0000E+00
     5.8650E+00     4.3466E-08     4.3461E-08
     5.8800E+00     4.3466E-08     0.0000E+00
     5.8800E+00     3.8545E-08     0.0000E+00
     5.8950E+00     3.8545E-08     3.8542E-08
     5.9100E+00     3.8545E-08     0.0000E+00
     5.9100E+00     3.3903E-08     0.0000E+00
     5.9250E+00     3.3903E-08     3.3899E-08
     5.9400E+00     3.3903E-08     0.0000E+00
     5.9400E+00     2.9564E-08     0.0000E+00
     5.9550E+00     2.9564E-08     2.9561E-08
     5.9700E+00     2.9564E-08     0.0000E+00
     5.9700E+00     2.5216E-08     0.0000E+00
     5.9850E+00     2.5216E-08     2.5213E-08
     6.0000E+00     2.5216E-08     0.0000E+00
     6.0000E+00     2.5216E-13     0.0000E+00
&
