@g0 type xy 
@    title "spectral distribution"
@    subtitle "/home/xcite/scintillators/MV_CBCT_exp/Varian_TrueBeam6MV_01."
@    legend on
@    legend box linestyle 0
@    legend x1 0.6
@    legend y1 0.75
@    view xmin 0.250000
@    xaxis  label "energy /MeV"
@    timestamp on
@    yaxis  label "fluence/MeV/incident particle /cm\\S-2\\N MeV\\S-1\\N"
@    s0 on
@    legend string  0 "IQ = 0 NO LATCH CHECK"
@TYPE xydy
@    s0 errorbar length 0.000000
@    s0 symbol color 1
     1.5250E-02     2.9623E-08     2.9620E-08
     4.5750E-02     1.6609E-07     1.6607E-07
     7.6250E-02     3.6190E-07     3.6186E-07
     1.0675E-01     1.3193E-06     1.3192E-06
     1.3725E-01     3.6325E-06     3.6322E-06
     1.6775E-01     6.7155E-06     6.7149E-06
     1.9825E-01     9.3610E-06     9.3601E-06
     2.2875E-01     1.1024E-05     1.1023E-05
     2.5925E-01     1.1845E-05     1.1844E-05
     2.8975E-01     1.2149E-05     1.2148E-05
     3.2025E-01     1.2107E-05     1.2105E-05
     3.5075E-01     1.1869E-05     1.1868E-05
     3.8125E-01     1.1485E-05     1.1484E-05
     4.1175E-01     1.1122E-05     1.1121E-05
     4.4225E-01     1.0695E-05     1.0694E-05
     4.7275E-01     1.0255E-05     1.0254E-05
     5.0325E-01     1.1839E-05     1.1838E-05
     5.3375E-01     9.3125E-06     9.3116E-06
     5.6425E-01     8.9111E-06     8.9102E-06
     5.9475E-01     8.5510E-06     8.5501E-06
     6.2525E-01     8.1845E-06     8.1837E-06
     6.5575E-01     7.8332E-06     7.8324E-06
     6.8625E-01     7.5060E-06     7.5052E-06
     7.1675E-01     7.2181E-06     7.2173E-06
     7.4725E-01     6.9515E-06     6.9509E-06
     7.7775E-01     6.6879E-06     6.6872E-06
     8.0825E-01     6.4465E-06     6.4458E-06
     8.3875E-01     6.2121E-06     6.2115E-06
     8.6925E-01     5.9965E-06     5.9959E-06
     8.9975E-01     5.7710E-06     5.7705E-06
     9.3025E-01     5.5696E-06     5.5691E-06
     9.6075E-01     5.3688E-06     5.3682E-06
     9.9125E-01     5.1803E-06     5.1798E-06
     1.0217E+00     5.0173E-06     5.0168E-06
     1.0522E+00     4.8673E-06     4.8668E-06
     1.0827E+00     4.6930E-06     4.6925E-06
     1.1132E+00     4.5561E-06     4.5556E-06
     1.1437E+00     4.4044E-06     4.4039E-06
     1.1742E+00     4.2789E-06     4.2784E-06
     1.2047E+00     4.1384E-06     4.1380E-06
     1.2352E+00     4.0161E-06     4.0157E-06
     1.2657E+00     3.8968E-06     3.8964E-06
     1.2963E+00     3.7830E-06     3.7826E-06
     1.3268E+00     3.6608E-06     3.6605E-06
     1.3573E+00     3.5501E-06     3.5497E-06
     1.3878E+00     3.4556E-06     3.4552E-06
     1.4183E+00     3.3560E-06     3.3557E-06
     1.4487E+00     3.2526E-06     3.2522E-06
     1.4792E+00     3.1612E-06     3.1609E-06
     1.5097E+00     3.0788E-06     3.0785E-06
     1.5402E+00     3.0010E-06     3.0007E-06
     1.5707E+00     2.9089E-06     2.9086E-06
     1.6012E+00     2.8285E-06     2.8282E-06
     1.6317E+00     2.7506E-06     2.7503E-06
     1.6622E+00     2.6662E-06     2.6660E-06
     1.6927E+00     2.6057E-06     2.6055E-06
     1.7232E+00     2.5298E-06     2.5295E-06
     1.7537E+00     2.4596E-06     2.4594E-06
     1.7842E+00     2.4063E-06     2.4061E-06
     1.8148E+00     2.3376E-06     2.3374E-06
     1.8453E+00     2.2796E-06     2.2794E-06
     1.8758E+00     2.2189E-06     2.2187E-06
     1.9062E+00     2.1549E-06     2.1547E-06
     1.9367E+00     2.0981E-06     2.0979E-06
     1.9672E+00     2.0540E-06     2.0538E-06
     1.9977E+00     2.0033E-06     2.0031E-06
     2.0282E+00     1.9492E-06     1.9490E-06
     2.0587E+00     1.9070E-06     1.9068E-06
     2.0892E+00     1.8696E-06     1.8694E-06
     2.1197E+00     1.8113E-06     1.8111E-06
     2.1502E+00     1.7621E-06     1.7619E-06
     2.1807E+00     1.7293E-06     1.7291E-06
     2.2112E+00     1.6863E-06     1.6862E-06
     2.2417E+00     1.6502E-06     1.6500E-06
     2.2722E+00     1.6113E-06     1.6111E-06
     2.3027E+00     1.5662E-06     1.5661E-06
     2.3332E+00     1.5322E-06     1.5320E-06
     2.3637E+00     1.4959E-06     1.4957E-06
     2.3942E+00     1.4640E-06     1.4638E-06
     2.4247E+00     1.4299E-06     1.4297E-06
     2.4552E+00     1.3959E-06     1.3957E-06
     2.4857E+00     1.3641E-06     1.3639E-06
     2.5162E+00     1.3438E-06     1.3437E-06
     2.5467E+00     1.3041E-06     1.3040E-06
     2.5772E+00     1.2779E-06     1.2778E-06
     2.6078E+00     1.2489E-06     1.2488E-06
     2.6383E+00     1.2135E-06     1.2134E-06
     2.6687E+00     1.1860E-06     1.1859E-06
     2.6992E+00     1.1623E-06     1.1622E-06
     2.7298E+00     1.1333E-06     1.1332E-06
     2.7603E+00     1.1186E-06     1.1185E-06
     2.7908E+00     1.0923E-06     1.0922E-06
     2.8212E+00     1.0656E-06     1.0655E-06
     2.8518E+00     1.0409E-06     1.0408E-06
     2.8822E+00     1.0224E-06     1.0223E-06
     2.9127E+00     1.0042E-06     1.0041E-06
     2.9432E+00     9.7974E-07     9.7964E-07
     2.9737E+00     9.5749E-07     9.5739E-07
     3.0042E+00     9.3671E-07     9.3662E-07
     3.0347E+00     9.1632E-07     9.1623E-07
     3.0652E+00     8.9924E-07     8.9915E-07
     3.0957E+00     8.7861E-07     8.7852E-07
     3.1262E+00     8.6207E-07     8.6198E-07
     3.1567E+00     8.4247E-07     8.4238E-07
     3.1872E+00     8.2748E-07     8.2739E-07
     3.2177E+00     8.0611E-07     8.0603E-07
     3.2482E+00     7.8964E-07     7.8956E-07
     3.2787E+00     7.8127E-07     7.8120E-07
     3.3092E+00     7.6156E-07     7.6149E-07
     3.3397E+00     7.4209E-07     7.4201E-07
     3.3702E+00     7.2975E-07     7.2967E-07
     3.4007E+00     7.1633E-07     7.1626E-07
     3.4312E+00     6.9867E-07     6.9860E-07
     3.4617E+00     6.8739E-07     6.8732E-07
     3.4922E+00     6.6767E-07     6.6760E-07
     3.5227E+00     6.5481E-07     6.5474E-07
     3.5532E+00     6.3612E-07     6.3606E-07
     3.5837E+00     6.3090E-07     6.3084E-07
     3.6142E+00     6.1529E-07     6.1523E-07
     3.6448E+00     6.0109E-07     6.0103E-07
     3.6753E+00     5.8405E-07     5.8400E-07
     3.7057E+00     5.6697E-07     5.6692E-07
     3.7362E+00     5.6029E-07     5.6023E-07
     3.7668E+00     5.4818E-07     5.4812E-07
     3.7973E+00     5.3358E-07     5.3353E-07
     3.8277E+00     5.2465E-07     5.2459E-07
     3.8582E+00     5.1272E-07     5.1266E-07
     3.8887E+00     5.0924E-07     5.0919E-07
     3.9192E+00     4.9587E-07     4.9582E-07
     3.9497E+00     4.8042E-07     4.8037E-07
     3.9802E+00     4.7107E-07     4.7102E-07
     4.0107E+00     4.6142E-07     4.6138E-07
     4.0412E+00     4.5033E-07     4.5028E-07
     4.0717E+00     4.4145E-07     4.4141E-07
     4.1022E+00     4.3076E-07     4.3071E-07
     4.1327E+00     4.2065E-07     4.2061E-07
     4.1632E+00     4.0883E-07     4.0879E-07
     4.1937E+00     4.0134E-07     4.0130E-07
     4.2242E+00     3.9281E-07     3.9277E-07
     4.2547E+00     3.8282E-07     3.8278E-07
     4.2852E+00     3.7586E-07     3.7582E-07
     4.3157E+00     3.6567E-07     3.6563E-07
     4.3462E+00     3.5655E-07     3.5652E-07
     4.3767E+00     3.4694E-07     3.4691E-07
     4.4072E+00     3.3698E-07     3.3694E-07
     4.4377E+00     3.3263E-07     3.3260E-07
     4.4682E+00     3.2022E-07     3.2019E-07
     4.4987E+00     3.1580E-07     3.1577E-07
     4.5292E+00     3.0651E-07     3.0648E-07
     4.5598E+00     2.9807E-07     2.9804E-07
     4.5902E+00     2.9017E-07     2.9014E-07
     4.6207E+00     2.7996E-07     2.7993E-07
     4.6512E+00     2.7527E-07     2.7524E-07
     4.6818E+00     2.6697E-07     2.6694E-07
     4.7123E+00     2.5642E-07     2.5640E-07
     4.7427E+00     2.5249E-07     2.5246E-07
     4.7732E+00     2.4576E-07     2.4574E-07
     4.8037E+00     2.3502E-07     2.3500E-07
     4.8342E+00     2.2830E-07     2.2827E-07
     4.8647E+00     2.2219E-07     2.2217E-07
     4.8952E+00     2.1546E-07     2.1544E-07
     4.9257E+00     2.1028E-07     2.1026E-07
     4.9562E+00     2.0183E-07     2.0181E-07
     4.9867E+00     1.9577E-07     1.9575E-07
     5.0172E+00     1.8997E-07     1.8996E-07
     5.0477E+00     1.8297E-07     1.8295E-07
     5.0782E+00     1.7456E-07     1.7454E-07
     5.1087E+00     1.7181E-07     1.7180E-07
     5.1392E+00     1.6526E-07     1.6524E-07
     5.1697E+00     1.6110E-07     1.6109E-07
     5.2002E+00     1.5602E-07     1.5601E-07
     5.2308E+00     1.4883E-07     1.4882E-07
     5.2613E+00     1.4211E-07     1.4209E-07
     5.2917E+00     1.3729E-07     1.3728E-07
     5.3223E+00     1.3153E-07     1.3152E-07
     5.3528E+00     1.3010E-07     1.3009E-07
     5.3833E+00     1.2224E-07     1.2223E-07
     5.4138E+00     1.1834E-07     1.1832E-07
     5.4442E+00     1.1196E-07     1.1195E-07
     5.4748E+00     1.0408E-07     1.0407E-07
     5.5053E+00     1.0305E-07     1.0304E-07
     5.5358E+00     9.6537E-08     9.6527E-08
     5.5663E+00     9.0454E-08     9.0445E-08
     5.5968E+00     8.7571E-08     8.7562E-08
     5.6273E+00     8.1776E-08     8.1768E-08
     5.6578E+00     7.6696E-08     7.6688E-08
     5.6883E+00     7.2695E-08     7.2688E-08
     5.7188E+00     6.6919E-08     6.6912E-08
     5.7492E+00     6.3496E-08     6.3490E-08
     5.7797E+00     5.6999E-08     5.6993E-08
     5.8102E+00     5.2499E-08     5.2494E-08
     5.8407E+00     4.6361E-08     4.6357E-08
     5.8712E+00     4.2769E-08     4.2764E-08
     5.9017E+00     3.6994E-08     3.6990E-08
     5.9322E+00     3.3071E-08     3.3067E-08
     5.9627E+00     2.8643E-08     2.8640E-08
     5.9932E+00     2.4133E-08     2.4131E-08
     6.0237E+00     1.9648E-08     1.9646E-08
     6.0542E+00     1.4551E-08     1.4550E-08
     6.0847E+00     1.0509E-08     1.0508E-08
&
