2.073042869567871
2.132049083709717
4.022275447845459
1.902695655822754
1.07391345500946
1.774478912353516
3.529087066650391
5.216781139373779
6.72601318359375
6.296572208404541
3.44815731048584
3.725526809692383
4.201964855194092
7.032387733459473
4.913443565368652
4.839405059814453
4.543158054351807
2.928437471389771
2.706029415130615
4.203657150268555
5.560772895812988
3.707059144973755
1.586710810661316
3.066277980804443
4.822726726531982
4.090524673461914
4.3293776512146
5.509234428405762
3.727136135101318
3.665156126022339
4.765800952911377
5.466709613800049
6.540939331054688
6.306503295898438
4.59081506729126
8.503451347351074
4.635594844818115
5.3511962890625
7.314949989318848
12.65203380584717
9.318163871765137
8.635822296142578
7.485219478607178
3.936932563781738
9.173104286193848
6.436376571655273
4.280623435974121
1.712247133255005
4.024499416351318
3.919838666915894
3.163702249526978
3.186211824417114
2.910125970840454
7.390393733978271
3.130936145782471
4.403591632843018
10.19219875335693
6.615025520324707
5.539077281951904
4.657812595367432
7.56493091583252
8.36121654510498
7.968660354614258
6.460211753845215
8.082137107849121
4.437487602233887
10.55489540100098
5.471292972564697
6.55093240737915
7.675458431243896
10.04477310180664
10.38272285461426
3.077359676361084
3.500508069992065
2.93144154548645
3.195427417755127
2.863941192626953
4.503042221069336
5.904933452606201
4.543037414550781
7.655075073242188
10.24275875091553
7.810125350952148
10.66736125946045
8.660199165344238
9.86409854888916
14.40817070007324
11.95829010009766
10.62915515899658
9.39945125579834
10.87108707427979
7.701358795166016
7.51221752166748
6.096279621124268
9.467930793762207
7.22083854675293
3.136203765869141
4.45281457901001
4.653159618377686
1.886953830718994
1.123857736587524
3.659849405288696
3.844994306564331
4.625171661376953
6.519985675811768
6.178959369659424
11.86449337005615
12.74930477142334
15.07294464111328
16.87924194335938
16.73305320739746
12.95128726959229
19.46645164489746
14.26928329467773
15.24657821655273
15.63509082794189
12.55833339691162
12.32372665405273
11.10499286651611
6.521711349487305
7.452852249145508
10.6564826965332
4.987730979919434
6.546605110168457
9.21457576751709
3.820943355560303
5.163003921508789
5.156241893768311
6.280113697052002
7.687169551849365
8.628338813781738
12.60547065734863
12.41335010528564
15.03890514373779
21.3569507598877
26.04365539550781
25.46425628662109
19.12684440612793
18.24271965026855
14.72426795959473
15.5431547164917
11.84421253204346
14.25005435943604
9.348820686340332
8.445993423461914
9.885448455810547
7.455077171325684
7.706277370452881
4.834160327911377
2.9166259765625
6.924529552459717
3.964901208877563
4.806867122650146
7.001846790313721
12.10742950439453
11.15608692169189
13.8051815032959
21.7960090637207
25.51657867431641
28.84561157226562
20.82248306274414
31.63391876220703
25.927734375
24.98871803283691
25.04966735839844
21.98689651489258
18.90235900878906
14.79818820953369
14.56390380859375
11.64252758026123
6.857260704040527
7.214084625244141
4.810140609741211
4.222690105438232
4.229955673217773
4.369784832000732
3.539363861083984
4.907915592193604
9.584626197814941
9.862022399902344
6.360702037811279
19.56819534301758
27.31993865966797
24.64605140686035
28.46842956542969
34.74483489990234
38.82289505004883
34.33678436279297
41.10517501831055
24.49835395812988
28.97339248657227
25.2214527130127
19.77329254150391
16.11706924438477
15.89839267730713
9.123948097229004
9.432435035705566
5.806623935699463
3.110162258148193
1.94569456577301
2.72542405128479
3.606352090835571
9.044656753540039
12.2481632232666
15.82239818572998
11.44223594665527
22.66136360168457
25.03051376342773
36.97732162475586
46.4893684387207
58.78167343139648
86.36414337158203
93.10084533691406
80.80776214599609
70.55265808105469
39.79437255859375
28.40437316894531
23.67327308654785
14.27325534820557
10.73799514770508
12.62833976745605
12.29618072509766
4.234892845153809
4.268924236297607
5.594728946685791
4.053322315216064
6.174308300018311
11.94676971435547
10.33587169647217
16.7524356842041
21.30274391174316
17.05440330505371
30.97422409057617
41.74512100219727
62.18281555175781
152.8353271484375
317.8315734863281
397.9224853515625
327.7533874511719
160.1143493652344
71.79847717285156
39.19105911254883
22.60299682617188
21.35589981079102
17.9068489074707
12.18729209899902
12.39210891723633
11.19081687927246
7.114323616027832
4.904299259185791
5.655668258666992
8.674038887023926
16.10904693603516
12.14095687866211
14.78432559967041
16.46234130859375
25.17454147338867
28.38893508911133
49.29208755493164
155.0137481689453
516.21533203125
1235.554565429688
1708.439208984375
1232.155517578125
514.1119384765625
151.7617950439453
52.09246826171875
30.79154014587402
21.6662483215332
17.60853004455566
16.97230911254883
10.36723232269287
10.38841247558594
7.222399711608887
7.015189647674561
5.793597221374512
9.579638481140137
12.98437404632568
14.92749691009521
16.6602668762207
19.01176834106445
27.28283882141113
36.78642654418945
68.28713226318359
290.3778991699219
1224.419555664062
4120.68115234375
7845.87109375
4084.859130859375
1184.837768554688
301.8888854980469
76.69988250732422
34.13362121582031
26.07271766662598
17.38601493835449
11.96797657012939
18.20617866516113
11.02272510528564
11.39076900482178
4.518735885620117
6.781702995300293
8.079645156860352
15.5919828414917
12.72768211364746
13.58424091339111
23.71161270141602
35.51814651489258
38.83498382568359
85.22366333007812
384.2869873046875
1743.055908203125
7867.46044921875
48081.83984375
7888.9951171875
1727.07373046875
370.9861755371094
97.64225006103516
37.49471664428711
27.79366302490234
22.7734203338623
20.44387626647949
15.29391002655029
8.252499580383301
6.718199729919434
7.376663208007812
8.058634757995605
8.586305618286133
8.039711952209473
11.97530364990234
9.288858413696289
11.68255710601807
24.14619445800781
26.38302803039551
65.58190155029297
272.9849243164062
1184.056884765625
4172.8271484375
7727.27734375
4148.55517578125
1216.182739257812
298.529296875
82.69652557373047
36.94983291625977
27.56507873535156
24.68034172058105
18.67391586303711
12.95697498321533
11.23688888549805
6.887016296386719
3.566799640655518
3.65149188041687
4.156530857086182
6.458063125610352
9.373043060302734
13.25047016143799
13.05513095855713
19.21227836608887
34.13639068603516
47.43265914916992
141.3995208740234
498.4107666015625
1201.84130859375
1746.87060546875
1264.965698242188
496.3176574707031
154.477783203125
60.25464630126953
35.65256881713867
31.32961082458496
24.7103271484375
11.80965805053711
9.982577323913574
13.96121406555176
5.605224609375
4.944790840148926
3.436986684799194
7.418992042541504
4.407411098480225
8.511314392089844
13.1914587020874
18.96364593505859
19.28798675537109
33.11905670166016
39.71585464477539
61.00289916992188
146.6040649414062
306.5127563476562
375.0771484375
328.587890625
142.1988830566406
65.53555297851562
34.91621017456055
33.19803619384766
17.96511077880859
22.91692733764648
10.6093578338623
12.48006820678711
10.18757629394531
4.977895736694336
3.169416666030884
3.649638414382935
7.712486267089844
8.660665512084961
9.516263961791992
11.12801551818848
17.10653305053711
19.20310211181641
25.98273849487305
32.42405700683594
31.89958381652832
64.98117065429688
77.08465576171875
97.11170959472656
86.62361907958984
49.81171417236328
41.00685501098633
29.03997611999512
23.63736915588379
16.00133895874023
19.06579971313477
10.81613063812256
4.956574440002441
7.434880256652832
11.81041526794434
2.823817253112793
4.05237340927124
6.220588207244873
9.537378311157227
8.46601676940918
11.58266162872314
10.82730293273926
14.24644088745117
20.44268417358398
21.84638977050781
25.92370223999023
30.9870433807373
42.72431945800781
26.75577926635742
33.99282073974609
35.21123123168945
28.54144096374512
19.28717041015625
21.56802749633789
6.942520141601562
8.53794002532959
10.85301208496094
8.422951698303223
11.90349102020264
4.56096887588501
5.087940216064453
5.245429515838623
5.445628643035889
4.97783088684082
10.12415504455566
7.360575675964355
9.651718139648438
13.42740058898926
14.94190502166748
19.4050235748291
25.58431816101074
16.63091468811035
19.96901321411133
20.55368232727051
28.1756649017334
28.72949409484863
21.25359916687012
16.89278411865234
15.1327600479126
7.780387401580811
10.00181579589844
10.34585094451904
9.973230361938477
8.800066947937012
5.968414306640625
3.228737592697144
7.304557800292969
3.771130800247192
6.467716693878174
10.11155796051025
9.493559837341309
8.788908958435059
11.0593204498291
12.47479152679443
13.67026138305664
19.28338050842285
12.98707580566406
17.72337341308594
19.02998733520508
19.77221488952637
17.03705406188965
16.8144359588623
15.09739112854004
7.105878353118896
9.152512550354004
8.796915054321289
5.404559135437012
8.843478202819824
6.623525619506836
5.669764041900635
5.707113265991211
3.819531679153442
6.146091938018799
4.17227029800415
7.154754638671875
8.507336616516113
7.085979461669922
11.31396770477295
13.16574668884277
11.12753582000732
13.72023010253906
14.35027599334717
16.56096076965332
10.0245304107666
13.53439235687256
11.40580368041992
16.71016693115234
12.00611686706543
6.608011722564697
9.035258293151855
4.644190311431885
4.317992210388184
8.670008659362793
5.317615509033203
4.131989479064941
3.526247978210449
2.584343671798706
2.747316360473633
6.733200073242188
6.903117656707764
7.864792346954346
7.020810604095459
8.020524978637695
6.004807949066162
8.473109245300293
11.32135391235352
13.70429992675781
16.06532287597656
8.039139747619629
9.296116828918457
11.40995025634766
16.1797981262207
12.92425060272217
11.45003509521484
8.934769630432129
8.46098518371582
5.879949569702148
8.145633697509766
2.926013469696045
6.235033512115479
2.439845561981201
3.605301141738892
2.113409042358398
3.090374946594238
5.979490756988525
3.422892093658447
3.276784896850586
5.871261119842529
8.067713737487793
5.759803771972656
10.16202735900879
9.319038391113281
13.83654689788818
11.04051685333252
8.556057929992676
11.15581130981445
8.094023704528809
6.414157867431641
4.550221920013428
4.444295406341553
9.430809020996094
5.249266624450684
2.611962795257568
2.6332106590271
6.039605140686035
1.52788507938385
1.265333890914917
3.043107509613037
1.098101735115051
5.621274948120117
4.201735019683838
2.14982271194458
3.385313749313354
5.246904373168945
6.487926483154297
5.506774425506592
8.02153491973877
8.528805732727051
7.070175170898438
10.00680160522461
8.714522361755371
13.38197898864746
7.113666534423828
7.175686836242676
7.397880077362061
4.264503955841064
4.864663124084473
6.402587890625
2.599482536315918
4.528945446014404
1.359716534614563
3.884204864501953
2.571854114532471
4.195777893066406
5.282801151275635
3.216144323348999
3.352596282958984
3.210270881652832
3.972575426101685
6.504957675933838
8.498433113098145
5.761663913726807
3.262866497039795
8.608112335205078
7.375551223754883
5.517099380493164
3.804684638977051
6.472492694854736
4.802290439605713
4.472045421600342
3.930032730102539
3.834790706634521
4.356108665466309
3.648844242095947
0.8706005215644836
2.124710321426392
