2904.631103515625
3691.63720703125
3037.72607421875
2499.2314453125
2059.439453125
1707.361572265625
2253.46044921875
1976.097045898438
418.9844970703125
252.0415496826172
238.3700866699219
284.1332702636719
296.8887023925781
271.2732238769531
187.9564971923828
154.5506744384766
2659.7431640625
3479.805419921875
5049.31103515625
5577.03125
5502.88037109375
5060.7158203125
6065.2734375
5739.8935546875
1694.928100585938
1004.604125976562
818.8983154296875
796.7203369140625
787.7195434570312
867.8525390625
761.05224609375
647.3858642578125
